0 0.067590 0.902474 0.046180 0.101160
0 0.127204 0.905364 0.083123 0.164747
0 0.187692 0.923681 0.029037 0.048774
0 0.219878 0.925488 0.026238 0.046365
0 0.251714 0.925488 0.029037 0.046365
0 0.284425 0.925488 0.027988 0.043957
0 0.316261 0.926993 0.029387 0.043354
0 0.348971 0.925488 0.026938 0.046365
0 0.384481 0.885144 0.046180 0.086107
0 0.419640 0.925187 0.028338 0.043354
0 0.382032 0.798435 0.049678 0.072860
0 0.438182 0.795725 0.047929 0.075870
0 0.492408 0.798736 0.047229 0.077075
0 0.487336 0.926090 0.026588 0.043957
0 0.516898 0.886047 0.043731 0.079483
0 0.552057 0.924886 0.027988 0.043957
0 0.603834 0.901703 0.094458 0.158966
0 0.663658 0.925187 0.028687 0.045763
0 0.693920 0.888456 0.046530 0.084300
0 0.733977 0.924584 0.030087 0.046967
0 0.801322 0.927896 0.026938 0.043957
0 0.835607 0.891768 0.043731 0.077677
0 0.869892 0.925488 0.026238 0.042752
0 0.925168 0.905015 0.092709 0.154751
0 0.950532 0.789403 0.044081 0.077677
0 0.951057 0.704802 0.044430 0.083096
0 0.938287 0.582867 0.095158 0.148730
0 0.958228 0.368504 0.046879 0.087311
0 0.955954 0.171301 0.063322 0.080687
0 0.948608 0.077668 0.061923 0.102967
0 0.891583 0.078270 0.045830 0.074064
0 0.854674 0.074958 0.028687 0.050580
0 0.820214 0.074958 0.029737 0.046967
0 0.785229 0.076765 0.027638 0.046967
0 0.748321 0.079173 0.043381 0.069849
0 0.713336 0.076464 0.031486 0.043957
0 0.680101 0.075560 0.028687 0.045763
0 0.646516 0.078571 0.024489 0.040946
0 0.589316 0.101152 0.087811 0.175224
0 0.531416 0.075259 0.025189 0.041548
0 0.499055 0.085195 0.044430 0.085505
0 0.464421 0.074055 0.026938 0.043957
0 0.392702 0.074657 0.022740 0.041548
0 0.359467 0.091216 0.043731 0.071053
0 0.322733 0.075560 0.026938 0.045763
0 0.260810 0.099044 0.101805 0.157762
0 0.192240 0.088507 0.029037 0.042752
0 0.154457 0.088205 0.026238 0.042150
0 0.115624 0.089711 0.026938 0.039139
0 0.078540 0.087904 0.029037 0.045161
0 0.077491 0.150829 0.028338 0.045763
0 0.078016 0.215258 0.028687 0.042150
0 0.077141 0.276376 0.026238 0.037935
0 0.076791 0.339601 0.026238 0.040344
0 0.077316 0.401321 0.027288 0.037333
0 0.078016 0.464847 0.025889 0.040344
0 0.090435 0.551255 0.052827 0.079483
0 0.073992 0.706909 0.045830 0.052387
0 0.157269 0.235098 0.089776 0.160078
0 0.230575 0.302353 0.047794 0.067811
0 0.291933 0.257887 0.059420 0.098937
0 0.344249 0.220647 0.046503 0.062252
0 0.354260 0.376834 0.045857 0.061141
0 0.464057 0.249550 0.047148 0.095602
0 0.428857 0.374611 0.042627 0.061141
0 0.568042 0.393509 0.056191 0.087820
0 0.533488 0.528574 0.041336 0.055583
0 0.533811 0.623065 0.038106 0.064476
0 0.584835 0.620841 0.041982 0.068922
0 0.635536 0.619730 0.036169 0.077816
0 0.707227 0.661972 0.089130 0.142291
0 0.839491 0.270476 0.025469 0.041428
0 0.865519 0.271922 0.019871 0.040464
0 0.889029 0.272644 0.020991 0.039019
0 0.914498 0.271922 0.023230 0.038537
0 0.840050 0.384402 0.022670 0.040946
0 0.865659 0.385366 0.020711 0.040946
0 0.889589 0.384402 0.019871 0.039019
0 0.915197 0.384884 0.024069 0.038056
0 0.839631 0.485081 0.022950 0.042873
0 0.865239 0.484599 0.022670 0.041909
0 0.889868 0.485081 0.019871 0.039982
0 0.915057 0.485081 0.024349 0.039019
1 0.259236 0.645482 0.182620 0.497372
1 0.541912 0.270948 0.041282 0.046967
1 0.527918 0.317915 0.030087 0.037333
1 0.693745 0.363678 0.059474 0.102365
1 0.770011 0.381742 0.076266 0.131268
1 0.427162 0.082476 0.048279 0.084300
1 0.732228 0.185443 0.149034 0.143310
1 0.404772 0.299851 0.017492 0.068644
1 0.392877 0.360065 0.023090 0.078279
1 0.429611 0.220367 0.016793 0.051784
1 0.412469 0.253485 0.023090 0.038537
1 0.472292 0.183637 0.069969 0.019269
1 0.527568 0.193873 0.025189 0.054193
1 0.561153 0.226991 0.029387 0.052989
1 0.596138 0.262518 0.025189 0.066236
1 0.619927 0.304066 0.020991 0.024086
1 0.638119 0.354044 0.029387 0.037333
1 0.841120 0.224224 0.026272 0.044287
1 0.868341 0.224457 0.022210 0.046618
1 0.894207 0.223059 0.022480 0.043821
1 0.919125 0.227487 0.022480 0.042422
1 0.841120 0.327249 0.024647 0.046151
1 0.868611 0.329580 0.024376 0.047084
1 0.894613 0.329347 0.022751 0.044753
1 0.920750 0.328881 0.024106 0.045685
1 0.841391 0.436801 0.025731 0.047084
1 0.868070 0.437966 0.022210 0.043821
1 0.893665 0.439132 0.023022 0.043354
1 0.920208 0.437500 0.024647 0.040091
1 0.961377 0.462673 0.047398 0.074588
1 0.959210 0.272007 0.050107 0.084844
1 0.453130 0.894353 0.049836 0.089506
1 0.764335 0.894120 0.052003 0.089972
1 0.890708 0.726169 0.074167 0.198708