0 0.331544 0.396021 0.103559 0.116816
0 0.347423 0.527599 0.071801 0.046213
0 0.375729 0.589217 0.098036 0.056483
0 0.338448 0.623877 0.092512 0.089859
0 0.331544 0.708601 0.081466 0.053915
0 0.242484 0.894095 0.127032 0.121951
0 0.272861 0.799101 0.118747 0.083440
0 0.476527 0.810013 0.122890 0.071887
0 0.462028 0.389602 0.063516 0.052632
0 0.459267 0.439024 0.052470 0.046213
0 0.450982 0.488447 0.055231 0.060334
0 0.840363 0.263800 0.118747 0.098845
0 0.836911 0.340180 0.086989 0.059050
0 0.834150 0.413350 0.081466 0.074454
0 0.837602 0.483954 0.074562 0.066752
0 0.832769 0.566752 0.056612 0.055199
0 0.656719 0.648267 0.069039 0.059050
0 0.796868 0.727214 0.084228 0.062901
0 0.852790 0.669448 0.115986 0.086008
1 0.661552 0.163030 0.374192 0.069320
1 0.572127 0.220884 0.062849 0.038954
1 0.645689 0.256297 0.063326 0.050463
1 0.317634 0.186357 0.106177 0.106237
1 0.391911 0.284627 0.148077 0.137223
1 0.640005 0.409981 0.288239 0.346598
1 0.462140 0.698287 0.144744 0.142092
1 0.588419 0.756939 0.085911 0.122173
1 0.733298 0.658669 0.078562 0.076137
1 0.610231 0.661906 0.045738 0.080231
1 0.590383 0.865693 0.050916 0.105905
1 0.340547 0.868902 0.046601 0.078626
1 0.378519 0.866496 0.025890 0.101091
1 0.473879 0.907413 0.164831 0.022465
1 0.741406 0.835205 0.226966 0.170090