0 0.274703 0.465768 0.049705 0.052632
0 0.269773 0.413350 0.049705 0.048780
0 0.265460 0.363072 0.048472 0.048353
0 0.256834 0.312152 0.058331 0.052632
0 0.257244 0.261874 0.049294 0.046213
0 0.252931 0.212880 0.051348 0.047497
0 0.247591 0.159392 0.043954 0.050920
0 0.251288 0.106975 0.043954 0.049636
0 0.284561 0.070175 0.043954 0.058194
0 0.329748 0.045785 0.043132 0.039367
0 0.376577 0.041292 0.044775 0.051776
0 0.425871 0.045785 0.042311 0.051348
0 0.471673 0.066110 0.041078 0.051776
0 0.518297 0.086864 0.042311 0.055627
0 0.560608 0.105691 0.041489 0.049636
0 0.603945 0.130295 0.041078 0.053487
0 0.650980 0.152546 0.039846 0.053487
0 0.335499 0.093068 0.061207 0.056911
0 0.694728 0.173513 0.037792 0.053487
0 0.736217 0.203252 0.045186 0.047925
0 0.740941 0.253102 0.043954 0.042362
0 0.739709 0.293753 0.048062 0.036371
0 0.610723 0.566110 0.056277 0.065041
0 0.665768 0.560976 0.039024 0.038511
0 0.656936 0.594138 0.039435 0.037227
0 0.648721 0.626016 0.036970 0.034232
0 0.639478 0.657895 0.032452 0.031237
0 0.633522 0.687848 0.037792 0.035516
0 0.626128 0.718656 0.035327 0.032948
0 0.618117 0.749893 0.037381 0.033804
0 0.610723 0.782199 0.039846 0.030809
0 0.602097 0.811938 0.040668 0.027813
0 0.596140 0.844673 0.037792 0.035088
0 0.499492 0.581850 0.021432 0.026232
0 0.525746 0.594408 0.020361 0.025674
0 0.541821 0.606965 0.023575 0.017302
0 0.552805 0.624547 0.023040 0.017860
0 0.562181 0.646034 0.020361 0.025116
0 0.563521 0.675336 0.017682 0.025674
0 0.564860 0.701010 0.021432 0.021209
0 0.546911 0.701847 0.020896 0.022883
0 0.480203 0.703243 0.027862 0.029023
0 0.512351 0.699057 0.024647 0.028465
0 0.418586 0.698499 0.027862 0.031813
0 0.448591 0.670592 0.041793 0.039627
0 0.531372 0.562036 0.019825 0.021209
0 0.561913 0.582129 0.018753 0.023441
0 0.586828 0.618686 0.032148 0.025116
0 0.597812 0.640732 0.024111 0.022325
0 0.333929 0.678406 0.024647 0.019535
0 0.335804 0.711615 0.029469 0.034604
0 0.343841 0.753195 0.012323 0.015069
0 0.345984 0.785009 0.013395 0.015069
0 0.353753 0.815985 0.015003 0.015628
0 0.483418 0.823240 0.023575 0.023441
0 0.511012 0.819334 0.024111 0.027906
0 0.539677 0.819892 0.023575 0.032371
0 0.574505 0.819613 0.020361 0.028465
0 0.505654 0.615058 0.025183 0.025674
0 0.486097 0.637383 0.024647 0.021209
0 0.515298 0.640732 0.025183 0.026790
0 0.503243 0.666964 0.026790 0.024558
0 0.532444 0.661104 0.027326 0.027348
0 0.574379 0.513314 0.024963 0.023370
0 0.556209 0.926566 0.062565 0.064514
0 0.511655 0.954379 0.059406 0.064185
0 0.471999 0.927060 0.051506 0.054310
0 0.481637 0.883611 0.058774 0.053652
0 0.540252 0.879332 0.054666 0.052994
0 0.309898 0.756558 0.040762 0.041802
0 0.313215 0.805438 0.044238 0.046081
0 0.319535 0.850367 0.034127 0.033244
0 0.356506 0.831441 0.014535 0.010533
0 0.416543 0.847569 0.013903 0.011850
0 0.414489 0.863039 0.010428 0.009216
0 0.416859 0.876206 0.012639 0.009216
0 0.419387 0.889701 0.012008 0.010533
0 0.422231 0.903690 0.010744 0.009545
0 0.425549 0.917514 0.010428 0.008887
0 0.428235 0.929857 0.012008 0.009875
0 0.431395 0.944999 0.011376 0.011191
0 0.435028 0.958329 0.012323 0.008887
0 0.438030 0.971660 0.013271 0.011191
0 0.441190 0.985484 0.013271 0.009216
0 0.336915 0.873408 0.015799 0.014812
0 0.338178 0.889042 0.015799 0.015799
0 0.340864 0.907804 0.016747 0.015141
0 0.341970 0.925085 0.017695 0.012837
0 0.343866 0.940390 0.015167 0.015799
0 0.346078 0.959152 0.015167 0.015141
0 0.347658 0.974951 0.015167 0.016458
0 0.349396 0.991903 0.016747 0.014812
0 0.699094 0.272251 0.018485 0.021752
0 0.662065 0.526151 0.028439 0.027978
0 0.475159 0.996034 0.017379 0.007932
0 0.471683 0.981864 0.019275 0.019091
0 0.465679 0.964089 0.016747 0.013824
0 0.449248 0.892992 0.014219 0.013166
0 0.447510 0.874889 0.016431 0.017774
0 0.446246 0.857279 0.017063 0.016787
0 0.455884 0.842796 0.014851 0.018762
0 0.471683 0.836378 0.018011 0.016458
0 0.488272 0.839011 0.016431 0.017116
0 0.506284 0.839670 0.017695 0.018433
0 0.523663 0.841974 0.018327 0.015799
0 0.540726 0.842303 0.014535 0.015141
0 0.558579 0.841315 0.018011 0.015799
0 0.579119 0.862710 0.022435 0.022382
0 0.581646 0.891840 0.019275 0.017445
0 0.347974 0.582272 0.036654 0.026332
1 0.341375 0.161450 0.045502 0.071097
1 0.294379 0.153199 0.045727 0.093575
1 0.479231 0.181407 0.057402 0.059455
1 0.375454 0.261469 0.084643 0.102696
1 0.539714 0.232248 0.061617 0.011824
1 0.599061 0.225660 0.018161 0.020945
1 0.617870 0.225492 0.012972 0.021282
1 0.533552 0.348625 0.028539 0.014864
1 0.534687 0.450139 0.039241 0.038849
1 0.462692 0.523613 0.064536 0.033106
1 0.648517 0.446591 0.072968 0.065536
1 0.565658 0.336633 0.018161 0.023309
1 0.458962 0.352848 0.018161 0.023985
1 0.484096 0.227518 0.026268 0.034119
1 0.665056 0.241876 0.024971 0.013513
1 0.410317 0.763124 0.066158 0.071617
1 0.561117 0.742011 0.058374 0.026687
1 0.559658 0.773765 0.042484 0.013850
1 0.432856 0.830011 0.020431 0.018242
1 0.351780 0.855348 0.015242 0.027701
1 0.354213 0.879501 0.011675 0.013175
1 0.356645 0.896392 0.013296 0.011824
1 0.357780 0.910580 0.014918 0.014526
1 0.357942 0.925951 0.012648 0.012837
1 0.358266 0.941659 0.013945 0.014526
1 0.360374 0.957368 0.013621 0.014864
1 0.362320 0.973752 0.013621 0.015202
1 0.365401 0.988785 0.014594 0.013513
1 0.429451 0.871394 0.012323 0.013850
1 0.431397 0.884400 0.014918 0.014188
1 0.435288 0.897406 0.013621 0.011148
1 0.436910 0.911087 0.013621 0.014864
1 0.450530 0.964969 0.012972 0.014526
1 0.452963 0.979157 0.011351 0.012499
1 0.457503 0.994865 0.011351 0.008108
1 0.538089 0.371905 0.047886 0.016871
1 0.434748 0.373556 0.031337 0.017238
1 0.610798 0.373923 0.073589 0.020906